 temp	ave_energy	ave_energy^2	C_v
   2.92000008     -0.772000015       1.60200000      0.117988370    
   2.82000017     -0.759000003       1.54700005      0.122091301    
   2.72000003     -0.768000007       1.61399996      0.138432086    
   2.62000012     -0.894999981       1.75699997      0.139265627    
   2.51999998      -1.02800000       1.96800005      0.143489555    
   2.42000008     -0.889999986       1.79799998      0.171760783    
   2.32000017      -1.05100000       2.02500010      0.171001568    
   2.22000003     -0.975000024       1.85300004      0.183096945    
   2.12000012      -1.05599999       1.92200005      0.179526493    
   2.01999998     -0.994000018       1.81200004      0.201932162    
   1.92000008      -1.11399996       1.98000002      0.200467646    
   1.82000005      -1.07400000       1.89999998      0.225372508    
   1.72000003     -0.990000010       1.75999999      0.263622195    
   1.62000000      -1.13900006       2.04900002      0.286419362    
   1.52000010      -1.32000005       2.46799994      0.314058095    
   1.42000008      -2.00000000       4.00000000       0.00000000    
   1.32000005      -2.00000000       4.00000000       0.00000000    
   1.22000003      -1.66900003       3.19099998      0.272399217    
   1.12000000      -1.28400004       2.21199989      0.449094385    
   1.02000010      -1.27600002       2.24399996      0.591910660    
  0.920000076      -1.50999999       2.74799991      0.552811742    
