 temp	ave_magnetization	ave_magnetization^2    susceptibility
   2.92000008       2.00998387E-03   1.52779731E-03   5.21834707E-04
   2.82000017       3.64549942E-02   2.42218049E-03   3.87664448E-04
   2.72000003       8.32350180E-02   7.64722563E-03   2.64396309E-04
   2.62000012       2.95498292E-03   1.52762420E-03   5.79729909E-04
   2.51999998       2.80149672E-02   1.33892475E-03   2.19875554E-04
   2.42000008      0.313010275      0.101187982       1.32749684E-03
   2.32000017       4.70250025E-02   4.53363266E-03   1.00098352E-03
   2.22000003      0.113439955       1.53332911E-02   1.11021043E-03
   2.12000012      0.184970379       3.56870890E-02   6.94832765E-04
   2.01999998       5.89800030E-02   4.05059708E-03   2.83146743E-04
   1.92000008       4.52799723E-02   2.30310578E-03   1.31682260E-04
   1.82000005       6.73348904E-02   5.38978493E-03   4.70218161E-04
   1.72000003       5.57549782E-02   4.01782896E-03   5.28611243E-04
   1.62000000       6.55100271E-02   4.43825684E-03   9.05514535E-05
   1.52000010      0.233831018       5.56780472E-02   6.58617879E-04
   1.42000008       5.00006694E-03   2.50002795E-05  -2.73103623E-10
   1.32000005       9.93513223E-03   9.93761059E-05   5.07012430E-07
   1.22000003       8.36004037E-03   1.34800008E-04   5.32046870E-05
   1.12000000      0.249995068       7.04228207E-02   7.07614748E-03
   1.02000010      0.179415181       3.27435210E-02   5.42859838E-04
  0.920000076      0.380486369      0.145382732       6.66159787E-04
